21,0,1,959.15
20,0,1,962.46
25,0,1,1008.1
39,0,1,1039.71
20,0,1,1043.89
17,0,1,1053.4
21,0,1,1060.49
50,0,1,1065.63
50,0,1,1075.84
44,0,1,1086.75
55,0,1,1089.87
41,0,1,1106.95
17,0,1,1109.82
16,0,1,1118.56
14,0,1,1123.78
24,0,1,1132.58
43,0,1,1133.34
35,0,1,1139.55
31,0,1,1168.61
57,0,1,1178.24
36,0,1,1187.4
15,0,1,1195.79
51,0,1,1201.31
22,0,1,1208.14
16,0,1,1210.53
47,0,1,1210.73
43,0,1,1211.27
11,0,1,1212.04
32,0,1,1214.64
18,0,1,1219.12
45,0,1,1222.06
29,0,1,1224.2
48,0,1,1226.24
37,0,1,1231.65
40,0,1,1237.63
50,0,1,1246.9
19,0,1,1247.92
54,0,1,1249.51
57,0,1,1251.91
32,0,1,1255.19
52,0,1,1260.44
49,0,1,1265.03
46,0,1,1265.85
55,0,1,1267.44
66,0,1,1268.45
42,0,1,1269.03
57,0,1,1271.89
25,0,1,1283.72
54,0,1,1286.16
27,0,1,1288.22
45,0,1,1290.9
48,0,1,1291.76
37,0,1,1294.93
13,0,1,1295.29
34,0,1,1296.49
42,0,1,1296.56
57,0,1,1299.37
56,0,1,1301.75
57,0,1,1310.94
12,0,1,1312.52
44,0,1,1318.22
49,0,1,1319.63
11,0,1,1319.99
36,0,1,1324.48
18,0,1,1325.03
43,0,1,1328.3
37,0,1,1329.46
45,0,1,1329.87
16,0,1,1330.72
40,0,1,1331.1
50,0,1,1333.77
47,0,1,1334.59
40,0,1,1334.66
56,0,1,1342.7
14,0,1,1343.02
42,0,1,1343.19
34,0,1,1345.79
43,0,1,1349.15
18,0,1,1351.31
10,0,1,1355.66
49,0,1,1356.09
51,0,1,1357.11
36,0,1,1358.73
21,0,1,1360.77
53,0,1,1360.85
49,0,1,1361.93
52,0,1,1363.3
43,0,1,1365.07
56,0,1,1365.75
56,0,1,1366.1
39,0,1,1380.74
59,0,1,1382.51
48,0,1,1383.18
19,0,1,1384.45
37,0,1,1387.22
58,0,1,1388.73
20,0,1,1389.88
56,0,1,1394.19
54,0,1,1399.95
40,0,1,1400.5
41,0,1,1404.08
46,0,1,1406.11
56,0,1,1408.7
28,0,1,1409.85
59,0,1,1412.39
53,0,1,1415.56
10,0,1,1417.83
37,0,1,1418.89
65,0,1,1422.93
40,0,1,1425.55
40,0,1,1429.21
48,0,1,1433.48
42,0,1,1435.06
23,0,1,1436.96
55,0,1,1443.24
56,0,1,1443.82
52,0,1,1449.07
17,0,1,1449.45
16,0,1,1450.03
62,0,1,1451.37
14,0,1,1454.27
53,0,1,1455.23
38,0,1,1456.07
29,0,1,1458.45
34,0,1,1461.67
62,0,1,1462.68
32,0,1,1467.11
55,0,1,1471.45
60,0,1,1472.99
51,0,1,1474.37
39,0,1,1478.44
53,0,1,1479.09
61,0,1,1481.38
49,0,1,1482.24
49,0,1,1483.72
49,0,1,1484.89
38,0,1,1490.85
34,0,1,1493.99
49,0,1,1499.53
16,0,1,1501.98
45,0,1,1513.28
59,0,1,1515.05
11,0,1,1516.35
49,0,1,1519.14
54,0,1,1519.14
47,0,1,1519.7
53,0,1,1521.11
45,0,1,1522.15
47,0,1,1522.19
46,0,1,1525.56
47,0,1,1528.22
38,0,1,1532.18
54,0,1,1532.85
45,0,1,1533.27
53,0,1,1534.26
50,0,1,1536.42
48,0,1,1536.74
12,0,1,1543.3
45,0,1,1543.52
33,0,1,1545.08
40,0,1,1547.42
42,0,1,1548.81
55,0,1,1550.51
31,0,1,1552.26
63,0,1,1554.11
45,0,1,1557.7
32,0,1,1558.24
49,0,1,1559.78
12,0,1,1559.82
63,0,1,1570.12
62,0,1,1570.49
55,0,1,1573.72
57,0,1,1574.23
54,0,1,1574.36
38,0,1,1574.88
26,0,1,1575
57,0,1,1575.5
7,0,1,1575.9
44,0,1,1576.21
55,0,1,1580.54
57,0,1,1583.45
38,0,1,1585.73
72,0,1,1592.17
33,0,1,1598.57
26,0,1,1598.95
37,0,1,1599.12
60,0,1,1599.38
51,0,1,1600.62
50,0,1,1600.83
33,0,1,1602.73
43,0,1,1608.47
56,0,1,1608.52
56,0,1,1609.12
46,0,1,1609.32
67,0,1,1610.47
67,0,1,1612.6
49,0,1,1615.53
40,0,1,1616.89
60,0,1,1619.89
56,0,1,1620.99
72,0,1,1623.77
54,0,1,1624.44
13,0,1,1626.17
33,0,1,1626.61
59,0,1,1629.76
55,0,1,1632.03
52,0,1,1633.59
34,0,1,1635.17
40,0,1,1637.22
68,0,1,1638.31
60,0,1,1640.82
32,0,1,1642.32
26,0,1,1643.96
48,0,1,1646.16
44,0,1,1648.34
11,0,1,1649.54
61,0,1,1652.24
19,0,1,1655.75
49,0,1,1658.15
45,0,1,1658.33
14,0,1,1658.93
47,0,1,1659.63
55,0,1,1661.15
42,0,1,1661.64
31,0,1,1663.99
45,0,1,1667.49
15,0,1,1667.69
42,0,1,1668.94
50,0,1,1671.68
14,0,1,1672.54
37,0,1,1677.48
48,0,1,1680.25
57,0,1,1682.26
15,0,1,1685.9
17,0,1,1686.02
39,0,1,1687.65
32,0,1,1692.02
24,0,1,1692.74
24,0,1,1693.82
49,0,1,1695.2
59,0,1,1696.62
51,0,1,1697.06
62,0,1,1702.19
50,0,1,1705.08
50,0,1,1708.18
53,0,1,1713.15
9,0,1,1714.18
41,0,1,1718.19
47,0,1,1719.74
23,0,1,1720.86
55,0,1,1722.09
51,0,1,1723.25
34,0,1,1726.48
34,0,1,1726.63
46,0,1,1727.12
39,0,1,1727.75
32,0,1,1728.74
59,0,1,1730.66
54,0,1,1731.28
60,0,1,1732.15
38,0,1,1732.48
44,0,1,1733.06
53,0,1,1735.32
31,0,1,1736.22
8,0,1,1739.7
56,0,1,1740.18
67,0,1,1743.59
16,0,1,1749.57
24,0,1,1749.65
72,0,1,1750.2
57,0,1,1754.78
57,0,1,1755.2
19,0,1,1755.71
53,0,1,1759.7
71,0,1,1761.35
24,0,1,1762.91
41,0,1,1765.45
37,0,1,1767.25
9,0,1,1769.6
62,0,1,1770.44
15,0,1,1773.55
51,0,1,1774.18
53,0,1,1775.18
58,0,1,1777.3
52,0,1,1778.67
61,0,1,1778.73
66,0,1,1779.52
35,0,1,1782.28
40,0,1,1785.75
34,0,1,1786
46,0,1,1786.82
39,0,1,1787.35
47,0,1,1791.29
49,0,1,1793.45
9,0,1,1795.19
60,0,1,1799.11
55,0,1,1799.96
39,0,1,1802.48
9,0,1,1809.99
36,0,1,1810.85
12,0,1,1814.62
56,0,1,1815.77
45,0,1,1815.82
36,0,1,1816.12
33,0,1,1821.4
33,0,1,1822.17
29,0,1,1823.38
49,0,1,1823.86
45,0,1,1827.96
47,0,1,1829.27
44,0,1,1832.43
53,0,1,1832.98
33,0,1,1834.61
12,0,1,1835.33
50,0,1,1838.33
67,0,1,1843.5
27,0,1,1849.92
45,0,1,1852.65
37,0,1,1856.23
52,0,1,1860.86
47,0,1,1867.01
43,0,1,1870.03
37,0,1,1871.97
12,0,1,1874.35
50,0,1,1874.76
56,0,1,1886.99
9,0,1,1890.94
47,0,1,1894.99
59,0,1,1896.37
43,0,1,1904.7
67,0,1,1905.9
34,0,1,1914.67
45,0,1,1919.24
26,0,1,1919.72
26,0,1,1919.87
26,0,1,1920.81
41,0,1,1922.38
50,0,1,1929.93
45,0,1,1934.76
27,0,1,1935.88
33,0,1,1940.37
20,0,1,1945.99
78,0,1,1954.2
72,0,1,1954.3
30,0,1,1958.38
29,0,1,1960.19
15,0,1,1963.79
57,0,1,1969.42
62,0,1,1971.28
40,0,1,1973.04
17,0,1,1975.9
15,0,1,1983.26
41,0,1,1986.52
40,0,1,1995.24
13,0,1,1996.94
45,0,1,2014.79
48,0,1,2033.93
78,0,1,2034.09
71,0,1,2039.97
43,0,1,2052.38
45,0,1,2061.26
44,0,1,2070.37
65,0,1,2096.23
43,0,1,2096.52
10,0,1,2098.3
52,0,1,2114.88
82,0,1,2134.15
42,0,1,2148.98
30,0,1,2154.61
14,0,1,2170.82
53,0,1,2176.7
55,0,1,2192.66
13,0,1,2201.46
42,0,1,2202.02
56,0,1,2210.2
33,0,1,2216.32
34,0,1,2226.55
49,0,1,2228.89
44,0,1,2244.07
22,0,1,2292.04
53,0,1,2293.94
10,0,1,2296.08
65,0,1,2301.99
75,0,1,2304.43
44,0,1,2308.12
44,0,1,2311.65
38,0,1,2318.42
59,0,1,2399.37
41,0,1,2414.01
40,0,1,2434.31
52,0,1,2437.43
52,0,1,2444.65
46,0,1,2450.03
50,0,1,2466.25
50,0,1,2467.69
43,0,1,2477.65
74,0,1,2497.5
65,0,1,2557.43
22,0,1,2563.83
49,0,1,2594.49
64,0,1,2608.63
44,0,1,2612.44
51,0,1,2637.43
25,0,1,2662.15
66,0,1,2771.97
50,0,1,2934.02
44,0,1,2951.14
57,0,1,3003.65
47,0,1,3076.23
84,0,1,3412.7
47,0,1,3454.16
21,1,0,1124.97
23,1,0,1184.63
18,1,0,1188.62
38,1,0,1195.27
25,1,0,1196.08
44,1,0,1216.83
14,1,0,1220.79
28,1,0,1224.91
32,1,0,1232.57
45,1,0,1241.09
31,1,0,1241.62
48,1,0,1246.1
45,1,0,1255.83
44,1,0,1288.14
15,1,0,1289.48
46,1,0,1310.46
39,1,0,1321.31
17,1,0,1324.83
37,1,0,1326.11
20,1,0,1339.14
39,1,0,1339.16
28,1,0,1343.8
20,1,0,1376.12
25,1,0,1378.36
27,1,0,1383.58
15,1,0,1391.36
42,1,0,1395.11
34,1,0,1401.93
46,1,0,1402.86
30,1,0,1404.9
58,1,0,1420.69
39,1,0,1425.02
37,1,0,1425.93
34,1,0,1427.78
20,1,0,1437.93
56,1,0,1440.14
41,1,0,1440.64
41,1,0,1440.76
51,1,0,1440.98
50,1,0,1442.38
13,1,0,1451.81
12,1,0,1454.84
52,1,0,1458.6
27,1,0,1459.08
47,1,0,1460.97
43,1,0,1463.83
55,1,0,1465.18
20,1,0,1469.94
23,1,0,1471.98
56,1,0,1479.56
51,1,0,1489.7
24,1,0,1491.57
34,1,0,1491.63
28,1,0,1493.8
59,1,0,1501.14
43,1,0,1504.9
57,1,0,1513.57
39,1,0,1514.94
54,1,0,1515.66
40,1,0,1516.48
28,1,0,1517.46
26,1,0,1517.64
55,1,0,1518.58
13,1,0,1519.9
54,1,0,1520.41
24,1,0,1520.56
51,1,0,1522.71
24,1,0,1523.52
10,1,0,1523.76
34,1,0,1526.83
14,1,0,1528.77
43,1,0,1529.81
29,1,0,1539.19
48,1,0,1544.46
32,1,0,1547.95
34,1,0,1551.18
54,1,0,1552.81
22,1,0,1554.79
30,1,0,1558.22
16,1,0,1559.11
47,1,0,1561.6
10,1,0,1563.2
40,1,0,1563.53
57,1,0,1566.74
54,1,0,1578.1
31,1,0,1582.79
44,1,0,1586.5
45,1,0,1588.98
46,1,0,1597.09
46,1,0,1597.41
27,1,0,1601.79
38,1,0,1605.16
27,1,0,1608.98
55,1,0,1615.21
32,1,0,1617.3
55,1,0,1618.35
39,1,0,1618.37
36,1,0,1620.71
35,1,0,1627.9
46,1,0,1640.61
62,1,0,1641.63
35,1,0,1643.52
58,1,0,1645.86
52,1,0,1646.18
47,1,0,1646.42
51,1,0,1648.75
35,1,0,1649.69
41,1,0,1650.49
45,1,0,1650.74
49,1,0,1660.59
32,1,0,1662.92
52,1,0,1664.08
28,1,0,1664.54
14,1,0,1667.13
26,1,0,1671.07
27,1,0,1675.94
51,1,0,1680.49
56,1,0,1681.24
46,1,0,1681.88
15,1,0,1686.4
48,1,0,1689.5
34,1,0,1690.46
23,1,0,1693.12
48,1,0,1693.89
20,1,0,1698.51
47,1,0,1702.63
45,1,0,1704.87
38,1,0,1709.19
46,1,0,1709.21
13,1,0,1709.74
55,1,0,1712.24
49,1,0,1714.5
48,1,0,1714.88
55,1,0,1716.71
40,1,0,1718.52
43,1,0,1724.97
47,1,0,1733.65
14,1,0,1733.92
13,1,0,1734.68
60,1,0,1735.38
48,1,0,1737.48
7,1,0,1741.48
43,1,0,1745.93
22,1,0,1751.77
30,1,0,1752.77
37,1,0,1756.05
54,1,0,1757.19
43,1,0,1757.47
56,1,0,1760.27
27,1,0,1760.77
52,1,0,1762.91
30,1,0,1765.01
9,1,0,1765.57
50,1,0,1765.6
48,1,0,1766.58
41,1,0,1766.74
33,1,0,1767.99
49,1,0,1771.75
11,1,0,1772.25
35,1,0,1772.3
44,1,0,1772.84
41,1,0,1772.97
49,1,0,1774.04
10,1,0,1776.85
45,1,0,1777.1
42,1,0,1788.11
17,1,0,1795.08
36,1,0,1795.85
42,1,0,1797.09
33,1,0,1806.4
56,1,0,1807.22
56,1,0,1808.42
26,1,0,1809.95
40,1,0,1811.54
11,1,0,1818.7
48,1,0,1819.14
17,1,0,1822.59
16,1,0,1824.34
58,1,0,1830.79
45,1,0,1833.41
38,1,0,1834.07
9,1,0,1837.7
46,1,0,1838.84
40,1,0,1843.48
46,1,0,1844.46
21,1,0,1844.91
13,1,0,1845.65
37,1,0,1846.33
61,1,0,1850.25
28,1,0,1850.49
23,1,0,1851.91
61,1,0,1854.75
24,1,0,1856.88
41,1,0,1858.99
53,1,0,1860.8
39,1,0,1861.36
37,1,0,1864.76
21,1,0,1869.19
42,1,0,1871.69
43,1,0,1893.31
39,1,0,1894.26
47,1,0,1902.02
60,1,0,1903.41
40,1,0,1907.77
55,1,0,1909.03
40,1,0,1911.23
54,1,0,1911.24
47,1,0,1911.95
53,1,0,1913.47
23,1,0,1915.68
46,1,0,1919.03
26,1,0,1919.73
36,1,0,1921.34
47,1,0,1927.08
48,1,0,1927.76
26,1,0,1928.35
31,1,0,1929.93
56,1,0,1931.82
30,1,0,1932.67
40,1,0,1933.86
38,1,0,1936.88
41,1,0,1937.18
27,1,0,1937.55
49,1,0,1941.45
36,1,0,1948.29
24,1,0,1948.75
57,1,0,1948.85
39,1,0,1952.71
43,1,0,1957.48
46,1,0,1959.8
16,1,0,1967.16
55,1,0,1969.59
39,1,0,1975.82
23,1,0,1976.69
51,1,0,1978.71
43,1,0,1979.41
26,1,0,1980.2
30,1,0,1986.14
50,1,0,1992.75
36,1,0,1994.84
40,1,0,1995.68
38,1,0,2001.07
25,1,0,2002.09
53,1,0,2002.21
29,1,0,2007.74
44,1,0,2009
32,1,0,2013.24
14,1,0,2016.35
53,1,0,2017.14
36,1,0,2020.6
43,1,0,2026.23
53,1,0,2031.05
15,1,0,2031.61
50,1,0,2032.8
38,1,0,2033.27
42,1,0,2036.63
59,1,0,2037.05
59,1,0,2041.79
37,1,0,2044.67
38,1,0,2045.28
47,1,0,2045.81
46,1,0,2047.59
43,1,0,2049.55
32,1,0,2058.07
60,1,0,2074.43
69,1,0,2082.43
39,1,0,2084.23
53,1,0,2086.94
46,1,0,2088.39
51,1,0,2092.1
24,1,0,2092.13
59,1,0,2097.53
31,1,0,2099.23
35,1,0,2105.52
60,1,0,2113.81
62,1,0,2116.95
35,1,0,2118.72
47,1,0,2120.01
41,1,0,2137.03
40,1,0,2138.13
39,1,0,2139.79
51,1,0,2140.76
55,1,0,2141.2
42,1,0,2146.3
31,1,0,2151.21
19,1,0,2153.06
45,1,0,2153.21
58,1,0,2157.14
55,1,0,2162.04
49,1,0,2166
11,1,0,2178.93
36,1,0,2182.37
41,1,0,2183.35
50,1,0,2202.95
24,1,0,2209.32
53,1,0,2209.8
35,1,0,2211.26
52,1,0,2219.49
34,1,0,2225.41
36,1,0,2225.49
32,1,0,2226.87
49,1,0,2230.29
11,1,0,2230.73
43,1,0,2243.86
50,1,0,2261.45
30,1,0,2266.48
48,1,0,2281.22
37,1,0,2283.17
36,1,0,2291.14
24,1,0,2296.45
33,1,0,2298.93
42,1,0,2308.77
46,1,0,2308.86
40,1,0,2318.25
33,1,0,2328.1
43,1,0,2340.57
53,1,0,2352.17
38,1,0,2360.48
57,1,0,2384.08
55,1,0,2402.75
45,1,0,2428.14
28,1,0,2434.1
46,1,0,2437.71
37,1,0,2443.25
21,1,0,2447.75
39,1,0,2449.5
37,1,0,2450.31
47,1,0,2451.26
28,1,0,2456.27
31,1,0,2456.62
47,1,0,2464.17
38,1,0,2471.23
42,1,0,2476.99
38,1,0,2478.12
18,1,0,2501.52
57,1,0,2514.41
29,1,0,2529.93
44,1,0,2551.14
50,1,0,2551.35
21,1,0,2562.5
22,1,0,2563.23
12,1,0,2591.27
61,1,0,2627.02
56,1,0,2636.21
44,1,0,2679.75
21,1,0,2680.33
48,1,0,2699.78
51,1,0,2703.8
41,1,0,2703.99
31,1,0,2714.29
40,1,0,2768.63
56,1,0,2795.95
54,1,0,2796.87
50,1,0,2802.14
21,1,0,2858.34
47,1,0,2860.66
57,1,0,2861.14
44,1,0,2884.55
80,1,0,2926.11
35,1,0,2933.55
51,1,0,2934.58
45,1,0,2950.95
39,1,0,2965.8
52,1,0,2966.51
53,1,0,3000.74
55,1,0,3001.1
47,1,0,3099.38
33,1,0,3100.55
44,1,0,3183.63
50,1,0,3263.24
50,1,0,3265.75
55,1,0,3412.15
49,1,0,3518.37
35,1,0,3525.18
62,1,0,3525.92
